Month, Date, High Temperature, High Temperature Time, Low Temperature, Low Temperature Time, Mean, Depart, Heating Degree Days, Cooling Degree Days, Precipitation, Snowfall, Snow Depth, Soil Temperature 4 inch, Soil Temperature 8 inch, Temperature Morning Low, comments
1	1	45	7:59 AM	31	8:00 AM	38	+11	27	0	0.00	0.0	0	41	41	 	 
1	2	53	2:30 PM	45	8:00 AM	49	+21	16	0	0.00	0.0	0	42	44	 	 
1	3	58	3:06 AM	46	8:51 AM	52	+25	13	0	0.66	0.0	0	47	46	 	rain
1	4	61	3:20 PM	32	7:40 AM	47	+21	18	0	0.00	0.0	0	45	47	 	 
1	5	37	12:00 AM	33	8:00 AM	35	+9	30	0	T	T	0	42	44	 	snow flurries
1	6	34	8:00 AM	30	6:35 AM	32	+6	33	0	0.02	T	0	39	42	 	snow
1	7	40	2:06 PM	22	7:17 AM	31	+5	34	0	0.00	0.0	0	37	40	 	 
1	8	37	2:01 PM	23	8:00 AM	30	+4	35	0	T	T	T	37	39	 	snow
1	9	35	2:06 PM	22	5:22 AM	29	+3	36	0	0.04	0.1	0	36	39	 	snow
1	10	45	1:54 PM	25	8:00 AM	35	+9	30	0	0.00	0.0	0	37	39	 	 
1	11	52	2:03 PM	30	8:00 AM	41	+14	24	0	0.00	0.0	0	39	40	 	 
1	12	52	3:20 PM	39	7:59 AM	46	+20	19	0	0.00	0.0	0	42	42	 	 
1	13	39	8:00 AM	29	5:10 AM	34	+8	31	0	0.03	0.5	1	39	41	 	snow
1	14	32	10:00 AM	25	7:59 AM	29	+3	36	0	0.00	0.0	T	37	39	 	 
1	15	29	2:22 PM	23	2:25 AM	26	0	39	0	0.00	0.0	T	36	38	 	 
1	16	43	2:17 PM	27	8:00 AM	35	+9	30	0	0.10	0.0	0	38	39	 	rain
1	17	51	9:15 PM	36	6:14 AM	44	+18	21	0	0.07	0.0	0	40	41	 	rain
1	18	41	12:25 PM	32	12:16 AM	37	+11	28	0	0.00	0.0	0	39	40	 	 
1	19	41	2:52 AM	34	8:00 AM	38	+12	27	0	0.71	0.0	0	40	41	 	rain
1	20	44	10:32 AM	32	7:59 AM	38	+11	27	0	0.04	T	0	38	40	 	rain, sleet, snow
1	21	32	8:00 AM	29	7:59 AM	31	+4	34	0	0.00	0.0	0	37	39	 	 
1	22	35	2:33 PM	29	8:00 AM	32	+5	33	0	T	T	0	38	39	 	snow
1	23	34	12:24 PM	27	5:45 AM	31	+5	34	0	0.02	T	0	38	39	 	snow
1	24	35	3:16 PM	27	8:25 AM	31	+5	34	0	0.00	0.0	0	36	38	 	 
1	25	40	3:50 PM	31	8:00 AM	36	+10	29	0	0.16	1.4	1	38	39	 	snow
1	26	33	1:00 PM	22	7:39 AM	28	+3	37	0	0.12	1.2	1	37	38	 	snow
1	27	23	12:00 PM	11	3:26 AM	17	-8	48	0	T	T	1	35	37	 	snow
1	28	39	7:01 PM	23	8:00 AM	31	+6	34	0	T	T	T	35	37	 	snow
1	29	49	4:10 PM	27	7:55 AM	38	+12	27	0	0.07	0.0	0	38	39	 	rain
1	30	28	12:00 PM	17	7:59 AM	23	-2	42	0	0.01	0.1	T	35	37	 	snow
1	31	17	8:00 AM	5	6:23 AM	11	-15	54	0	T	T	T	33	36	 	snow
2	1	21	3:03 PM	6	7:12 AM	14	-11	51	0	0.00	0.0	0	33	35	 	 	
2	2	31	2:20 PM	8	8:00 AM	20	-5	45	0	0.00	0.0	0	32	34	 	 	
2	3	45	3:11 PM	5	7:25 AM	25	-2	40	0	0.00	0.0	0	32	34	 	 	
2	4	20	3:20 PM	5	8:05 AM	13	-13	52	0	0.00	0.0	0	32	34	 	 	
2	5	45	2:53 PM	20	8:00 AM	33	+7	32	0	0.00	0.0	0	32	34	 	 	
2	6	54	1:56 PM	23	7:06 AM	39	+12	26	0	0.00	0.0	0	32	34	 	 	
2	7	51	5:55 AM	27	8:00 AM	39	+13	26	0	0.00	0.0	0	35	35	 	 	
2	8	52	2:25 PM	28	2:56 AM	40	+14	25	0	0.00	0.0	0	35	37	 	 	
2	9	55	5:51 AM	30	8:00 AM	43	+17	22	0	0.63	0.0	0	40	39	 	rain	
2	10	50	8:05 AM	32	6:00 AM	41	+14	24	0	0.00	0.0	0	38	39	 	 	
2	11	42	2:35 PM	21	6:30 AM	32	+5	33	0	0.00	0.0	0	36	38	 	 	
2	12	47	3:15 PM	21	6:30 AM	34	+6	31	0	0.00	0.0	0	35	38	 	 	
2	13	54	2:15 PM	28	8:00 AM	41	+12	24	0	0.00	0.0	0	37	39	 	 	
2	14	56	2:42 PM	30	1:54 AM	43	+14	22	0	0.00	0.0	0	38	39	 	 	
2	15	54	2:45 PM	38	8:00 AM	46	+18	19	0	0.02	0.0	0	42	42	 	rain	
2	16	53	1:57 PM	35	11:56 PM	44	+16	21	0	0.17	0.0	0	41	42	 	rain	
2	17	40	1:34 PM	23	7:55 AM	32	+2	33	0	0.02	T	T	38	40	 	rain, snow	
2	18	30	3:35 PM	22	10:40 PM	26	-5	39	0	T	T	0	35	38	 	snow	
2	19	50	2:30 PM	29	8:00 AM	40	+9	25	0	0.00	0.0	0	38	39	 	 	
2	20	57	3:15 PM	31	6:30 AM	44	+13	21	0	0.00	0.0	0	40	41	 	 	 
2	21	57	2:35 PM	32	6:55 AM	45	+13	20	0	0.00	0.0	0	41	42	 	 	
2	22	46	2:05 PM	34	8:00 AM	40	+7	25	0	0.08	0.0	0	42	43	 	rain	
2	23	49	2:10 PM	39	10:57 PM	44	+11	21	0	0.80	0.0	0	42	43	 	rain, thunderstorms	
2	24	51	9:55 AM	19	6:45 AM	35	+3	30	0	0.00	0.0	0	37	41	 	 	
2	25	35	3:45 PM	21	8:00 AM	28	-4	37	0	T	T	0	38	40	 	 	
2	26	40	3:00 PM	25	6:26 AM	33	+1	32	0	0.00	0.0	0	37	40	 	 	
2	27	56	7:40 AM	31	8:00 AM	44	+12	21	0	0.50	0.0	0	45	44	 	rain	
2	28	61	9:16 AM	39	5:45 AM	50	+17	15	0	0.17	0.0	0	44	45	 	thunderstorms
3	1	51	4:15 PM	35	6:16 AM	43	+9	22	0	0.00	0.0	0	42	45	 	 
3	2	64	1:33 PM	33	6:50 AM	49	+15	16	0	0.00	0.0	0	44	46	 	 
3	3	48	2:02 PM	36	8:00 AM	42	+7	23	0	0.15	0.0	0	44	46	 	rain
3	4	40	8:55 AM	26	6:15 AM	33	-2	32	0	1.15	0.5	T	39	42	 	rain, snow, thunder
3	5	54	3:40 PM	33	8:00 AM	44	+9	21	0	0.00	0.0	0	41	43	 	 
3	6	59	2:46 PM	40	8:00 AM	50	+14	15	0	0.00	0.0	0	45	45	 	 
3	7	69	2:20 PM	38	5:07 AM	54	+18	11	0	0.00	0.0	0	46	47	 	 
3	8	50	2:52 PM	36	6:35 AM	43	+7	22	0	0.00	0.0	0	44	46	 	 
3	9	48	1:32 PM	35	6:37 AM	42	+5	23	0	0.00	0.0	0	43	45	 	 
3	10	46	12:10 PM	34	6:46 AM	40	+3	25	0	0.19	0.0	0	43	45	 	rain
3	11	38	1:45 PM	31	6:35 AM	35	-3	30	0	0.00	0.0	0	41	43	 	 
3	12	46	2:10 PM	34	7:19 AM	40	+1	25	0	0.08	0.0	0	43	44	 	 
3	13	40	4:00 PM	28	5:25 AM	34	-6	31	0	0.03	T	0	40	43	 	 
3	14	34	3:05 PM	28	3:40 AM	31	-9	34	0	T	T	0	38	41	 	 
3	15	40	4:00 PM	20	5:50 AM	30	-9	35	0	0.00	0.0	0	38	41	 	 
3	16	52	2:05 PM	23	7:00 AM	38	-1	27	0	0.00	0.0	0	42	43	 	 
3	17	50	11:45 PM	29	6:59 AM	40	0	25	0	0.49	0.0	0	43	44	 	rain
3	18	38	2:40 PM	14	6:36 AM	26	-15	39	0	0.01	0.3	T	38	41	 	snow
3	19	21	5:30 PM	14	7:00 AM	18	-24	47	0	T	T	T	36	39	 	snow
3	20	39	3:05 PM	16	7:02 AM	28	-13	37	0	0.00	0.0	0	37	39	 	 
3	21	53	2:46 PM	25	7:00 AM	39	-3	26	0	0.00	0.0	0	39	41	 	 
3	22	52	1:26 PM	34	7:00 AM	43	+1	22	0	0.13	0.0	0	42	42	 	rain
3	23	59	5:51 AM	41	7:00 AM	50	+6	15	0	0.81	0.0	0	48	46	 	rain, thunder
3	24	49	7:00 AM	36	5:27 AM	43	-1	22	0	T	0.0	0	44	45	 	rain
3	25	50	4:20 AM	37	7:00 AM	44	0	21	0	0.52	0.0	0	44	45	 	rain
3	26	49	4:00 PM	32	11:38 PM	41	-3	24	0	0.00	0.0	0	41	44	 	 
3	27	65	3:16 PM	37	6:05 AM	51	+7	14	0	0.00	0.0	0	47	48	 	 
3	28	51	2:26 PM	28	3:52 AM	40	-4	25	0	0.00	0.0	0	43	46	 	 
3	29	52	3:13 PM	32	2:54 AM	42	-3	23	0	0.00	0.0	0	44	46	 	 
3	30	53	12:00 PM	30	6:14 AM	42	-3	23	0	0.00	0.0	0	44	47	 	 
3	31	64	2:15 PM	34	7:00 AM	49	+3	16	0	0.22	0.0	0	50	50	 	thunderstorms
4	1	74	12:50 PM	38	7:00 AM	56	+10	9	0	0.29	0.0	0	51	52	 	thunderstorms
4	2	42	5:40 PM	28	5:15 AM	35	-12	30	0	0.00	0.0	0	44	47	 	 
4	3	59	2:25 PM	35	7:00 AM	47	0	18	0	0.00	0.0	0	48	49	 	 
4	4	75	1:57 PM	47	7:00 AM	61	+14	4	0	0.01	0.0	0	54	53	 	rain
4	5	82	2:36 PM	58	7:00 AM	70	+23	0	5	0.00	0.0	0	59	57	 	 
4	6	72	7:00 AM	34	2:33 AM	53	+5	12	0	0.38	0.0	0	50	53	 	thunderstorms
4	7	49	4:10 PM	34	1:50 AM	42	-6	23	0	0.00	0.0	0	47	50	 	 
4	8	59	3:53 PM	36	3:45 AM	48	0	17	0	0.00	0.0	0	48	51	 	 
4	9	65	2:33 PM	39	4:45 AM	52	+5	13	0	0.00	0.0	0	49	52	 	 
4	10	69	2:31 PM	41	5:12 AM	55	+7	10	0	0.00	0.0	0	50	53	 	 
4	11	71	4:15 PM	43	6:30 AM	57	+7	8	0	0.00	0.0	0	53	54	 	 
4	12	78	3:16 PM	51	5:15 AM	65	+15	0	0	0.00	0.0	0	55	56	 	 
4	13	80	2:17 PM	45	4:56 AM	63	+12	2	0	0.00	0.0	0	55	57	 	 
4	14	82	2:15 PM	52	2:25 AM	67	+16	0	2	0.00	0.0	0	58	59	 	 
4	15	81	2:51 PM	54	4:45 AM	68	+16	0	3	0.00	0.0	0	59	60	 	 
4	16	81	11:46 AM	42	6:30 AM	62	+10	3	0	0.24	0.0	0	60	61	 	thunderstorms
4	17	46	12:30 PM	33	2:10 AM	40	-13	25	0	0.13	0.0	0	51	54	 	rain
4	18	57	4:20 PM	31	4:05 AM	44	-10	21	0	0.00	0.0	0	48	52	 	 
4	19	62	4:31 PM	40	7:00 AM	51	-3	14	0	0.00	0.0	0	53	55	 	 
4	20	82	2:17 PM	52	7:00 AM	67	+13	0	2	0.00	0.0	0	58	58	 	 
4	21	81	1:46 PM	46	5:50 AM	64	+10	1	0	0.42	0.0	0	58	59	 	thunderstorms
4	22	63	2:53 PM	36	5:20 AM	50	-4	15	0	0.00	0.0	0	55	58	 	 
4	23	44	2:05 PM	34	6:00 AM	39	-16	26	0	0.00	0.0	0	50	54	 	 
4	24	47	2:06 PM	27	2:46 AM	37	-18	28	0	0.00	0.0	0	47	51	 	 
4	25	58	2:40 PM	36	7:00 AM	47	-9	18	0	0.01	0.0	0	53	54	 	rain
4	26	61	2:12 PM	34	5:27 AM	48	-8	17	0	0.02	0.0	0	51	54	 	rain
4	27	59	2:54 PM	36	5:03 AM	48	-7	17	0	0.00	0.0	0	52	55	 	 
4	28	69	1:32 PM	43	7:00 AM	56	0	9	0	0.00	0.0	0	56	56	 	 
4	29	67	3:27 PM	42	1:06 AM	55	-2	10	0	0.00	0.0	0	54	56	 	 
4	30	66	3:27 PM	39	4:53 AM	53	-5	12	0	0.31	0.0	0	54	56	 	rain
5	1	52	10:40 AM	41	3:16 AM	47	-11	18	0	0.05	0.0	0	52	54	 	rain
5	2	59	5:37 PM	39	2:50 AM	49	-9	16	0	0.00	0.0	0	50	52	 	 
5	3	63	2:25 PM	38	5:21 AM	51	-6	14	0	0.00	0.0	0	51	54	 	 
5	4	64	3:51 PM	39	5:12 AM	52	-6	13	0	0.00	0.0	0	53	56	 	 
5	5	73	4:46 PM	44	4:36 AM	59	-1	6	0	0.00	0.0	0	56	58	 	 
5	6	77	2:00 PM	57	2:10 AM	67	+7	0	2	0.00	0.0	0	61	61	 	 
5	7	76	11:34 AM	58	3:24 AM	67	+8	0	2	1.28	0.0	0	62	62	 	thunderstorms
5	8	79	2:27 PM	58	3:13 AM	69	+9	0	4	0.46	0.0	0	64	64	 	thunderstorms
5	9	75	3:25 PM	52	4:52 AM	64	+4	1	0	0.06	0.0	0	64	65	 	rain
5	10	75	3:52 PM	52	5:05 AM	64	+3	1	0	0.00	0.0	0	63	65	 	 
5	11	78	3:16 PM	56	3:01 AM	67	+7	0	2	0.00	0.0	0	65	66	 	 
5	12	82	3:41 PM	64	12:00 AM	73	+13	0	8	0.00	0.0	0	68	67	 	 
5	13	80	3:13 PM	66	1:06 AM	73	+13	0	8	0.01	0.0	0	69	68	 	rain
5	14	82	1:26 PM	63	5:30 AM	73	+12	0	8	0.04	0.0	0	69	69	 	rain
5	15	80	2:05 PM	55	2:53 AM	68	+7	0	3	0.00	0.0	0	67	68	 	 
5	16	72	1:15 PM	54	6:52 AM	63	+1	2	0	0.06	0.0	0	67	68	 	rain
5	17	75	3:55 PM	50	5:42 AM	63	0	2	0	0.01	0.0	0	64	66	 	rain
5	18	76	2:51 PM	48	4:16 AM	62	-1	3	0	0.00	0.0	0	64	66	 	 
5	19	79	2:55 PM	55	7:00 AM	67	+4	0	2	0.00	0.0	0	66	67	 	 
5	20	81	12:15 PM	50	6:10 AM	66	+3	0	1	0.01	0.0	0	64	66	 	 
5	21	70	4:50 PM	46	5:30 AM	58	-6	7	0	0.00	0.0	0	63	66	 	 
5	22	79	5:05 PM	52	5:45 AM	66	+1	0	1	0.00	0.0	0	64	67	 	 
5	23	82	4:01 PM	53	4:54 AM	68	+3	0	3	0.00	0.0	0	65	67	 	 
5	24	84	2:27 PM	57	4:52 AM	71	+6	0	6	0.00	0.0	0	66	68	 	 
5	25	86	3:00 PM	52	7:00 AM	69	+3	0	4	0.00	0.0	0	65	68	 	 
5	26	73	3:00 PM	46	5:45 AM	60	-6	5	0	0.00	0.0	0	63	66	 	 
5	27	77	3:12 PM	51	4:17 AM	64	-2	1	0	0.00	0.0	0	63	66	 	 
5	28	80	3:30 PM	54	5:35 AM	67	+1	0	2	0.00	0.0	0	65	67	 	 
5	29	82	2:45 PM	59	4:05 AM	71	+4	0	6	0.00	0.0	0	67	69	 	 
5	30	87	4:35 PM	61	4:44 AM	74	+7	0	9	0.00	0.0	0	68	70	 	 
5	31	90	3:30 PM	65	3:37 AM	78	+10	0	13	0.00	0.0	0	71	71	 	
6	1	91	2:33 PM	64	4:04 AM	78	+10	0	13	0.00	0.0	0	72	73	 	 
6	2	88	12:47 PM	68	4:12 AM	78	+10	0	13	0.49	0.0	0	71	72	 	thunderstorms
6	3	91	2:24 PM	67	4:23 AM	79	+11	0	14	0.00	0.0	0	71	73	 	 
6	4	92	2:17 PM	69	6:30 AM	81	+13	0	16	0.00	0.0	0	72	73	 	 
6	5	86	1:05 PM	54	4:26 AM	70	0	0	5	0.00	0.0	0	69	71	 	 
6	6	81	3:01 PM	57	3:01 AM	69	-1	0	4	0.00	0.0	0	68	70	 	 
6	7	88	2:04 PM	58	5:26 AM	73	+3	0	8	0.10	0.0	0	70	71	 	 
6	8	78	3:34 PM	51	4:40 AM	65	-5	0	0	0.00	0.0	0	66	69	 	 
6	9	78	2:24 PM	47	4:14 AM	63	-7	2	0	0.00	0.0	0	66	69	 	 
6	10	81	5:35 PM	51	6:55 AM	66	-4	0	1	0.00	0.0	0	67	70	 	 
6	11	85	4:35 PM	64	11:00 PM	75	+4	0	10	0.01	0.0	0	71	72	 	rain
6	12	69	3:45 PM	51	1:37 AM	60	-12	5	0	0.13	0.0	0	65	68	 	rain
6	13	72	3:46 PM	54	2:27 AM	63	-9	2	0	0.00	0.0	0	66	68	 	 
6	14	77	11:12 AM	62	5:16 AM	70	-1	0	5	T	0.0	0	67	68	 	sprinkles
6	15	81	1:42 PM	59	3:05 AM	70	-2	0	5	0.00	0.0	0	68	70	 	 
6	16	88	1:21 PM	52	6:22 AM	70	-2	0	5	0.00	0.0	0	68	71	 	 
6	17	74	3:15 PM	51	4:14 AM	63	-10	2	0	0.00	0.0	0	68	70	 	 
6	18	83	3:54 PM	55	4:33 AM	69	-4	0	4	0.00	0.0	0	69	72	 	 
6	19	85	12:34 PM	65	4:17 AM	75	+2	0	10	0.00	0.0	0	71	73	 	 
6	20	89	1:06 PM	64	4:13 AM	77	+4	0	12	0.00	0.0	0	72	74	 	 
6	21	91	4:03 PM	66	4:24 AM	79	+6	0	14	0.00	0.0	0	74	75	 	 
6	22	90	2:25 PM	64	4:47 AM	77	+4	0	12	0.00	0.0	0	74	76	 	 
6	23	87	3:25 PM	67	4:22 AM	77	+4	0	12	0.00	0.0	0	76	76	 	 
6	24	87	2:21 PM	62	4:45 AM	75	+2	0	10	0.00	0.0	0	74	76	 	 
6	25	92	4:22 PM	70	2:44 AM	81	+7	0	16	0.13	0.0	0	77	78	 	 
6	26	91	12:37 PM	67	2:52 AM	79	+5	0	14	0.00	0.0	0	75	77	 	 
6	27	81	4:55 PM	63	6:00 AM	72	-2	0	7	0.00	0.0	0	72	74	 	 
6	28	80	4:00 PM	57	5:55 AM	69	-5	0	4	0.00	0.0	0	72	75	 	 
6	29	79	5:00 PM	65	1:30 AM	72	-2	0	7	0.17	0.0	0	72	73	 	 
6	30	82	11:40 AM	62	5:20 AM	72	-2	0	7	0.72	0.0	0	70	72	 	 
7	1	85	4:00 PM	68	7:10 AM	77	+3	0	12	0.30	0.0	0	75	76	 	thunderstorms
7	2	86	2:53 PM	68	9:20 PM	77	+3	0	12	0.33	0.0	0	77	77	 	thunderstorms
7	3	80	1:15 PM	66	4:25 AM	73	-1	0	8	0.02	0.0	0	75	77	 	 
7	4	88	2:57 PM	65	4:37 AM	77	+3	0	12	0.00	0.0	0	76	78	 	 
7	5	90	3:41 PM	69	5:00 AM	80	+5	0	15	0.00	0.0	0	78	79	 	 
7	6	91	2:01 PM	69	5:30 AM	80	+5	0	15	0.13	0.0	0	79	79	 	thunderstorms
7	7	84	2:02 PM	61	2:32 AM	73	-2	0	8	0.00	0.0	0	75	78	 	 
7	8	82	1:26 PM	63	2:26 AM	73	-2	0	8	1.73	0.0	0	72	76	 	thunderstorms
7	9	75	12:16 PM	60	4:25 AM	68	-7	0	3	0.00	0.0	0	72	75	 	 
7	10	83	2:13 PM	59	4:25 AM	71	-4	0	6	0.00	0.0	0	73	76	 	 
7	11	84	3:20 PM	61	4:15 AM	73	-2	0	8	0.00	0.0	0	74	76	 	 
7	12	87	3:17 PM	68	1:02 AM	78	+3	0	13	0.00	0.0	0	77	78	 	 
7	13	86	4:23 PM	63	5:56 AM	75	-1	0	10	0.00	0.0	0	76	78	 	 
7	14	80	5:14 PM	62	4:05 AM	71	-5	0	6	0.00	0.0	0	74	76	 	 
7	15	91	3:16 PM	69	4:30 AM	80	+5	0	15	0.05	0.0	0	78	79	 	rain
7	16	85	1:43 PM	64	5:04 AM	75	0	0	10	0.00	0.0	0	76	78	 	 
7	17	85	2:16 PM	64	5:01 AM	75	-1	0	10	0.00	0.0	0	76	77	 	 
7	18	83	2:34 PM	64	3:34 AM	74	-2	0	9	0.03	0.0	0	76	77	 	thunderstorms
7	19	77	3:44 PM	61	4:45 AM	69	-7	0	4	0.00	0.0	0	73	75	 	 
7	20	86	3:25 PM	70	7:00 AM	78	+2	0	13	0.00	0.0	0	78	78	 	 
7	21	91	2:53 PM	64	5:06 AM	78	+2	0	13	0.00	0.0	0	75	78	 	 
7	22	81	3:16 PM	57	5:16 AM	69	-7	0	4	0.00	0.0	0	73	76	 	 
7	23	83	1:45 PM	60	2:02 AM	72	-3	0	7	0.00	0.0	0	74	76	 	 
7	24	86	3:11 PM	66	5:16 AM	76	+1	0	11	0.00	0.0	0	76	78	 	 
7	25	89	3:24 PM	64	4:14 AM	77	+2	0	12	0.00	0.0	0	75	77	 	 
7	26	90	2:56 PM	69	3:04 AM	80	+4	0	15	0.07	0.0	0	79	80	 	rain
7	27	92	3:55 PM	72	4:46 AM	82	+6	0	17	0.01	0.0	0	79	80	 	thunderstorm
7	28	96	3:34 PM	75	12:10 AM	86	+10	0	21	0.00	0.0	0	82	82	 	 
7	29	97	2:25 PM	68	5:10 AM	83	+8	0	18	0.36	0.0	0	81	82	 	thunderstorms
7	30	86	4:10 PM	64	5:45 AM	75	0	0	10	0.00	0.0	0	78	81	 	 
7	31	86	1:45 PM	62	6:30 AM	74	-1	0	9	0.00	0.0	0	77	80	 	
8	1	83	3:21 PM	59	3:46 AM	71	-3	0	6	0.00	0.0	0	75	79	 	 
8	2	84	2:06 PM	62	4:50 AM	73	-2	0	8	0.00	0.0	0	77	79	 	 
8	3	80	2:16 PM	64	1:06 AM	72	-3	0	7	0.00	0.0	0	76	78	 	 
8	4	85	3:04 PM	67	5:00 AM	76	+2	0	11	0.00	0.0	0	76	78	 	 
8	5	90	1:50 PM	70	4:45 AM	80	+6	0	15	0.00	0.0	0	79	80	 	 
8	6	79	1:01 PM	65	2:22 AM	72	-2	0	7	1.61	0.0	0	75	77	 	rain, thunder
8	7	78	11:35 AM	65	6:10 AM	72	-2	0	7	0.69	0.0	0	75	77	 	rain, thunder
8	8	76	2:16 PM	58	4:55 AM	67	-8	0	2	0.00	0.0	0	73	75	 	 
8	9	83	2:33 PM	62	5:05 AM	73	-2	0	8	0.06	0.0	0	74	76	 	rain, thunder
8	10	80	11:35 AM	64	12:20 AM	72	-2	0	7	0.75	0.0	0	74	75	 	 
8	11	82	4:45 PM	65	4:30 AM	74	+1	0	9	0.00	0.0	0	75	77	 	 
8	12	86	5:00 PM	68	11:00 AM	77	+4	0	12	0.12	0.0	0	77	78	 	 
8	13	88	3:15 PM	63	6:15 AM	76	+3	0	11	0.00	0.0	0	75	77	 	 
8	14	85	1:00 PM	68	3:20 AM	77	+4	0	12	0.01	0.0	0	77	78	 	 
8	15	80	3:26 PM	60	3:02 AM	70	-4	0	5	0.05	0.0	0	73	75	 	 
8	16	75	2:26 PM	57	5:11 AM	66	-8	0	1	0.00	0.0	0	71	74	 	 
8	17	80	2:50 PM	59	11:30 PM	70	-4	0	5	0.00	0.0	0	72	75	 	 
8	18	82	2:17 PM	56	5:23 AM	69	-5	0	4	0.09	0.0	0	70	73	 	rain, thunder
8	19	77	3:37 PM	57	4:02 AM	67	-6	0	2	0.00	0.0	0	70	73	 	 
8	20	84	2:50 PM	63	7:00 AM	74	+2	0	9	0.00	0.0	0	74	75	 	 
8	21	89	4:06 PM	73	7:00 AM	81	+8	0	16	0.01	0.0	0	77	77	 	rain, thunder
8	22	90	2:04 PM	71	5:25 AM	81	+9	0	16	0.00	0.0	0	77	78	 	 
8	23	92	2:27 PM	71	5:24 AM	82	+10	0	17	0.00	0.0	0	78	79	 	 
8	24	95	3:10 PM	72	5:10 AM	84	+12	0	19	0.00	0.0	0	79	80	 	 
8	25	98	2:14 PM	76	7:00 AM	87	+15	0	22	0.00	0.0	0	81	81	 	Record high (96, 1948), Record warmest low (75, 1943)
8	26	93	2:22 PM	72	5:00 AM	83	+11	0	18	0.46	0.0	0	80	81	 	rain, thunder
8	27	83	10:52 AM	65	2:30 AM	74	+1	0	9	0.00	0.0	0	76	79	 	 
8	28	80	2:05 PM	58	4:42 AM	69	-4	0	4	0.00	0.0	0	73	76	 	 
8	29	79	3:03 PM	56	5:01 AM	68	-4	0	3	0.00	0.0	0	72	75	 	 
8	30	84	3:25 PM	60	4:55 AM	72	0	0	7	0.14	0.0	0	72	75	 	 
8	31	73	2:06 PM	52	5:14 AM	63	-9	2	0	0.00	0.0	0	69	73	 	 
9	1	78	2:42 PM	55	5:26 AM	67	-5	0	2	0.00	0.0	0	69	72	 	 
9	2	83	4:00 PM	55	4:45 AM	69	-3	0	4	0.00	0.0	0	70	73	 	 
9	3	89	3:30 PM	63	7:00 AM	76	+5	0	11	0.00	0.0	0	74	75	 	 
9	4	92	1:53 PM	66	4:24 AM	79	+8	0	14	0.00	0.0	0	74	76	 	 
9	5	93	2:43 PM	69	4:51 AM	81	+11	0	16	0.00	0.0	0	76	77	 	 
9	6	89	1:04 PM	70	2:54 AM	80	+10	0	15	0.87	0.0	0	75	76	 	 
9	7	81	11:10 AM	63	5:32 AM	72	+1	0	7	0.00	0.0	0	73	75	 	 
9	8	71	12:05 PM	61	3:46 AM	66	-4	0	1	0.00	0.0	0	72	74	 	 
9	9	70	2:30 PM	56	6:14 AM	63	-7	2	0	0.00	0.0	0	69	72	 	 
9	10	74	3:06 PM	52	5:41 AM	63	-6	2	0	0.00	0.0	0	68	71	 	 
9	11	80	1:54 PM	58	1:50 AM	69	0	0	4	0.00	0.0	0	69	71	 	 
9	12	80	12:00 PM	59	7:00 AM	70	+2	0	5	0.04	0.0	0	70	72	 	 
9	13	73	2:26 PM	49	4:10 AM	61	-7	4	0	0.00	0.0	0	67	70	 	 
9	14	77	1:30 PM	51	5:24 AM	64	-4	1	0	0.00	0.0	0	66	69	 	 
9	15	74	2:15 PM	52	5:46 AM	63	-4	2	0	0.00	0.0	0	66	69	 	 
9	16	81	3:55 PM	53	6:40 AM	67	+1	0	2	0.00	0.0	0	67	70	 	 
9	17	79	11:16 AM	55	2:32 AM	67	+1	0	2	0.00	0.0	0	67	70	 	 
9	18	69	12:52 PM	54	5:44 AM	62	-5	3	0	0.05	0.0	0	65	68	 	rain
9	19	76	3:05 PM	49	4:45 AM	63	-4	2	0	0.00	0.0	0	64	68	 	 
9	20	84	2:35 PM	52	5:32 AM	68	+2	0	3	0.00	0.0	0	66	69	 	 
9	21	83	1:27 PM	57	7:00 AM	70	+5	0	5	0.93	0.0	0	68	70	 	rain
9	22	76	3:35 PM	63	7:00 AM	70	+6	0	5	0.74	0.0	0	69	70	 	rain, thunder
9	23	86	1:46 PM	59	5:40 AM	73	+10	0	8	0.00	0.0	0	70	72	 	 
9	24	84	2:46 PM	52	6:11 AM	68	+5	0	3	0.00	0.0	0	68	71	 	 
9	25	83	2:25 PM	55	7:00 AM	69	+6	0	4	0.00	0.0	0	69	71	 	 
9	26	84	1:55 PM	60	5:11 AM	72	+10	0	7	0.00	0.0	0	69	71	 	 
9	27	84	1:55 PM	59	6:16 AM	72	+10	0	7	0.62	0.0	0	69	71	 	thunderstorms
9	28	75	2:57 PM	60	2:05 AM	68	+7	0	3	0.03	0.0	0	69	70	 	rain
9	29	75	3:25 PM	56	5:13 AM	66	+5	0	1	0.00	0.0	0	67	69	 	 
9	30	80	2:57 PM	56	5:20 AM	68	+7	0	3	0.00	0.0	0	67	69	 	 
10	1	86	3:22 PM	57	3:40 AM	72	+11	0	7	0.00	0.0	0	67	70	 	 
10	2	86	2:21 PM	57	5:46 AM	72	+11	0	7	0.00	0.0	0	68	70	 	 
10	3	87	2:32 PM	56	4:44 AM	72	+11	0	7	0.00	0.0	0	68	70	 	 
10	4	89	2:34 PM	59	7:00 AM	74	+13	0	9	0.00	0.0	0	69	71	 	 
10	5	84	12:10 PM	62	7:00 AM	73	+13	0	8	0.44	0.0	0	70	71	 	rain
10	6	70	4:25 PM	46	6:10 AM	58	-1	7	0	0.62	0.0	0	65	68	 	rain
10	7	65	11:15 AM	40	7:00 AM	53	-5	12	0	T	0.0	0	60	64	 	rain
10	8	60	1:46 PM	42	1:50 AM	51	-6	14	0	0.00	0.0	0	60	63	 	 
10	9	61	12:02 PM	42	5:10 AM	52	-6	13	0	0.00	0.0	0	59	63	 	 
10	10	62	1:26 PM	36	5:40 AM	49	-8	16	0	0.00	0.0	0	57	61	 	 
10	11	64	2:35 PM	37	3:30 AM	51	-6	14	0	0.00	0.0	0	56	60	 	 
10	12	74	2:45 PM	43	7:00 AM	59	+2	6	0	0.00	0.0	0	60	62	 	 
10	13	80	2:42 PM	53	7:00 AM	67	+11	0	2	0.00	0.0	0	62	63	 	 
10	14	69	1:20 PM	51	6:00 AM	60	+4	5	0	1.15	0.0	0	61	63	 	rain, thunder
10	15	55	10:10 AM	46	6:59 AM	51	-5	14	0	0.01	0.0	0	59	61	 	rain
10	16	58	2:05 PM	46	7:00 AM	52	-4	13	0	T	0.0	0	58	60	 	rain
10	17	55	10:01 AM	37	5:07 AM	46	-9	19	0	0.00	0.0	0	55	59	 	 
10	18	65	3:13 PM	39	7:00 AM	52	-1	13	0	0.00	0.0	0	55	58	 	 
10	19	70	1:04 PM	45	7:00 AM	58	+5	7	0	0.12	0.0	0	58	60	 	rain
10	20	59	2:00 PM	46	5:45 AM	53	+1	12	0	0.25	0.0	0	57	59	 	rain
10	21	64	1:14 PM	40	6:20 AM	52	-1	13	0	0.00	0.0	0	56	59	 	 
10	22	71	1:56 PM	41	5:50 AM	56	+3	9	0	0.00	0.0	0	56	59	 	 
10	23	61	2:14 PM	38	4:10 AM	50	-2	15	0	0.00	0.0	0	54	58	 	 
10	24	72	2:06 PM	39	7:00 AM	56	+5	9	0	0.00	0.0	0	56	58	 	 
10	25	75	1:20 PM	52	7:00 AM	64	+13	1	0	0.21	0.0	0	60	61	 	rain
10	26	68	3:13 PM	57	7:20 AM	63	+13	2	0	0.05	0.0	0	61	61	 	rain
10	27	72	11:26 AM	59	5:32 AM	66	+17	0	1	0.27	0.0	0	62	62	 	rain
10	28	73	11:00 AM	39	4:10 AM	56	+7	9	0	0.09	0.0	0	59	62	 	rain
10	29	52	11:35 AM	40	7:00 AM	46	-3	19	0	0.85	0.0	0	56	59	 	rain
10	30	47	1:12 PM	32	6:41 AM	40	-10	25	0	0.29	0.0	0	53	56	 	rain
10	31	45	1:35 PM	24	4:27 AM	35	-15	30	0	0.00	0.0	0	45	53	 	 
11	1	39	12:23 PM	27	6:55 AM	33	-16	32	0	T	T	0	46	50	 	snow
11	2	45	11:54 AM	26	6:30 AM	36	-11	29	0	0.00	0.0	0	45	50	 	 
11	3	57	2:53 PM	27	7:00 AM	42	-4	23	0	0.00	0.0	0	47	50	 	 
11	4	62	1:17 PM	38	7:00 AM	50	+4	15	0	0.00	0.0	0	50	52	 	 
11	5	62	1:31 PM	33	6:46 AM	48	+2	17	0	0.00	0.0	0	48	52	 	 
11	6	64	1:43 PM	37	8:00 AM	51	+6	14	0	T	0.0	0	50	52	 	rain
11	7	72	11:45 AM	50	6:45 AM	61	+16	4	0	0.00	0.0	0	52	54	 	 
11	8	66	2:41 PM	48	9:56 PM	57	+12	8	0	0.00	0.0	0	54	55	 	 
11	9	79	1:56 PM	42	7:02 AM	61	+17	4	0	0.02	0.0	0	55	57	 	rain, Record high (77, 2020)
11	10	57	2:06 PM	37	6:42 AM	47	+4	18	0	0.00	0.0	0	51	54	 	 
11	11	54	1:14 PM	28	6:45 AM	41	-2	24	0	0.00	0.0	0	47	52	 	 
11	12	52	2:11 PM	34	6:45 AM	43	+1	22	0	0.00	0.0	0	48	51	 	 
11	13	61	2:43 PM	38	5:03 AM	50	+8	15	0	0.00	0.0	0	47	51	 	 
11	14	65	1:45 PM	30	5:12 AM	48	+6	17	0	0.00	0.0	0	45	50	 	 
11	15	65	2:15 PM	30	5:50 AM	48	+6	17	0	0.00	0.0	0	45	49	 	 
11	16	70	2:34 PM	36	6:20 AM	53	+12	12	0	0.00	0.0	0	46	49	 	 
11	17	66	12:55 PM	43	8:00 AM	55	+14	10	0	0.01	0.0	0	53	53	 	rain
11	18	57	11:45 AM	27	6:06 AM	42	+1	23	0	0.00	0.0	0	47	51	 	 
11	19	55	2:26 PM	29	6:16 AM	42	-1	23	0	0.00	0.0	0	45	49	 	 
11	20	61	3:05 PM	37	8:00 AM	49	+8	16	0	0.00	0.0	0	48	50	 	 
11	21	50	12:22 PM	40	7:59 AM	45	+5	20	0	0.41	0.0	0	48	50	 	rain
11	22	43	11:45 AM	31	6:00 AM	37	-1	28	0	0.00	0.0	0	43	45	 	 
11	23	43	1:35 PM	31	7:00 AM	37	0	28	0	0.00	0.0	0	42	44	 	 
11	24	50	1:50 PM	30	6:40 AM	40	+4	25	0	0.00	0.0	0	40	42	 	 
11	25	38	2:30 PM	28	5:20 AM	33	-4	32	0	0.00	0.0	0	38	40	 	 
11	26	40	2:10 PM	28	9:45 PM	34	-4	31	0	0.06	0.6	1	41	44	 	 
11	27	34	1:40 PM	23	7:15 AM	29	-7	36	0	0.14	0.3	T	39	42	 	 
11	28	31	2:06 PM	13	7:14 AM	22	-13	43	0	0.00	0.0	T	36	41	 	 
11	29	26	1:52 PM	15	8:00 AM	21	-14	44	0	0.00	0.0	T	35	39	 	 
11	30	50	2:10 PM	26	8:00 AM	38	+3	27	0	0.00	0.0	0	36	39	 	
12	1	55	12:07 PM	39	8:00 AM	47	+13	18	0	1.09	0.0	0	42	43	 	rain	
12	2	48	9:05 PM	39	7:59 AM	44	+9	21	0	0.27	0.0	0	44	45	 	rain	
12	3	42	12:55 PM	39	8:00 AM	41	+6	24	0	0.17	0.0	0	44	45	 	rain	
12	4	41	12:15 PM	29	12:34 AM	35	0	30	0	0.02	0.0	0	41	43	 	rain	
12	5	39	1:51 PM	34	8:00 AM	37	+3	28	0	0.07	0.0	0	42	44	 	rain	 
12	6	42	11:35 AM	32	2:12 AM	37	+4	28	0	T	0.0	0	41	43	 	rain	
12	7	38	2:50 PM	33	6:34 AM	36	+3	29	0	0.00	0.0	0	40	42	 	 	
12	8	57	2:12 PM	36	8:00 AM	47	+15	18	0	0.00	0.0	0	42	44	 	 	
12	9	57	6:20 AM	44	8:00 AM	51	+21	14	0	0.04	0.0	0	48	47	 	rain	
12	10	54	12:15 PM	31	7:59 AM	43	+12	22	0	0.00	0.0	0	44	46	 	 	 
12	11	31	8:05 AM	22	5:56 AM	27	-4	38	0	0.00	0.0	0	39	43	 	 	
12	12	41	2:14 PM	24	8:00 AM	33	+2	32	0	0.00	0.0	0	38	41	 	 	
12	13	44	1:50 PM	29	7:25 AM	37	+7	28	0	0.00	0.0	0	38	41	 	 	
12	14	43	1:53 PM	24	5:22 AM	34	+4	31	0	0.00	0.0	0	37	40	 	 	
12	15	55	2:41 PM	29	8:00 AM	42	+13	23	0	0.00	0.0	0	37	40	 	 	
12	16	57	2:30 PM	35	8:00 AM	46	+17	19	0	0.34	0.0	0	41	42	 	rain	
12	17	44	1:00 PM	39	8:00 AM	42	+13	23	0	0.70	0.0	0	43	43	 	rain	
12	18	40	8:00 AM	30	7:59 AM	35	+7	30	0	0.00	0.0	0	40	42	 	 	 
12	19	31	10:55 AM	14	6:51 AM	23	-5	42	0	0.00	0.0	0	36	39	 	snow	
12	20	34	2:05 PM	17	8:00 AM	26	-3	39	0	0.00	0.0	0	35	38	 	 	
12	21	48	1:44 PM	28	8:00 AM	38	+9	27	0	0.00	0.0	0	37	39	 	 	
12	22	52	1:30 PM	35	8:00 AM	44	+15	21	0	0.01	0.0	0	42	42	 	rain	
12	23	48	7:59 AM	41	8:00 AM	45	+15	20	0	0.53	0.0	0	44	44	 	rain	
12	24	52	2:30 PM	45	6:00 AM	49	+21	16	0	T	0.0	0	46	46	 	 	
12	25	61	2:20 PM	49	4:10 AM	55	+28	10	0	0.00	0.0	0	47	47	 	 	
12	26	54	1:00 PM	36	7:59 AM	45	+18	20	0	0.27	0.0	0	47	48	 	rain	
12	27	43	3:00 PM	29	12:05 PM	36	+7	29	0	0.00	0.0	0	42	44	 	 	
12	28	42	1:35 PM	34	8:00 AM	38	+10	27	0	0.00	0.0	0	42	44	 	 	
12	29	36	7:59 AM	32	3:07 AM	34	+6	31	0	0.51	0.4	T	40	42	 	snow, rain, sleet	
12	30	40	2:32 PM	31	3:56 AM	36	+7	29	0	0.01	0.0	0	41	42	 	rain	
12	31	43	2:35 PM	30	7:59 AM	37	+8	28	0	0.00	0.0	0	39	42	 	 